1047
16094
9457
12650
1333
14806
51433
5996
14922
73720
5948
21482
23647
19509
109618
38973
46765
5070
6673
204397
99371
102943
98625
57465
218218
81075
58065
204028
132007
92136
110834
114994
197741
139154
100599
120405
158662
359188
49885
264631
275949
37615
95346
269290
68892
288369
370907
77452
184686
84061
235297
92727
403537
444969
534773
432096
72734
410176
94762
3181
95567
364457
23694
33930
112063
3020
188698
357155
96579
117709
368625
26124
208623
5123
108270
106264
250257
110583
257897
224637
763825
522821
533117
80854
68542
115569
187938
317205
105233
627958
284000
294382
7048
195476
184196
537643
573557
477669
438569
694702